2
InitPr 2
0 0.99999
1 9.9998e-06
OutputPr 188
0 ! 1.111e-06
0 " 1.111e-06
0 # 1.111e-06
0 $ 1.111e-06
0 % 1.111e-06
0 & 1.111e-06
0 ' 1.111e-06
0 ( 1.111e-06
0 ) 1.111e-06
0 * 1.111e-06
0 + 1.111e-06
0 , 1.111e-06
0 - 1.111e-06
0 . 1.111e-06
0 / 1.111e-06
0 0 1.111e-06
0 1 1.111e-06
0 2 1.111e-06
0 3 1.111e-06
0 4 1.111e-06
0 5 1.111e-06
0 6 1.111e-06
0 7 1.111e-06
0 8 1.111e-06
0 9 1.111e-06
0 : 1.111e-06
0 ; 1.111e-06
0 < 1.111e-06
0 = 1.111e-06
0 > 1.111e-06
0 ? 1.111e-06
0 @ 1.111e-06
0 A 1.111e-06
0 B 1.111e-06
0 C 1.111e-06
0 D 1.111e-06
0 E 1.111e-06
0 F 1.111e-06
0 G 1.111e-06
0 H 1.111e-06
0 I 1.111e-06
0 J 1.111e-06
0 K 1.111e-06
0 L 1.111e-06
0 M 1.111e-06
0 N 1.111e-06
0 O 1.111e-06
0 P 1.111e-06
0 Q 1.111e-06
0 R 1.111e-06
0 S 1.111e-06
0 T 1.111e-06
0 U 1.111e-06
0 V 1.111e-06
0 W 1.111e-06
0 X 1.111e-06
0 Y 1.111e-06
0 Z 1.111e-06
0 [ 1.111e-06
0 \ 1.111e-06
0 ] 1.111e-06
0 ^ 1.111e-06
0 _ 1.111e-06
0 ` 1.111e-06
0 a 0.777698
0 b 0.2222
0 c 1.111e-06
0 d 1.111e-06
0 e 1.111e-06
0 f 1.111e-06
0 g 1.111e-06
0 h 1.111e-06
0 i 1.111e-06
0 j 1.111e-06
0 k 1.111e-06
0 l 1.111e-06
0 m 1.111e-06
0 n 1.111e-06
0 o 1.111e-06
0 p 1.111e-06
0 q 1.111e-06
0 r 1.111e-06
0 s 1.111e-06
0 t 1.111e-06
0 u 1.111e-06
0 v 1.111e-06
0 w 1.111e-06
0 x 1.111e-06
0 y 1.111e-06
0 z 1.111e-06
0 { 1.111e-06
0 | 1.111e-06
0 } 1.111e-06
0 ~ 1.111e-06
1 ! 1.42838e-06
1 " 1.42838e-06
1 # 1.42838e-06
1 $ 1.42838e-06
1 % 1.42838e-06
1 & 1.42838e-06
1 ' 1.42838e-06
1 ( 1.42838e-06
1 ) 1.42838e-06
1 * 1.42838e-06
1 + 1.42838e-06
1 , 1.42838e-06
1 - 1.42838e-06
1 . 1.42838e-06
1 / 1.42838e-06
1 0 1.42838e-06
1 1 1.42838e-06
1 2 1.42838e-06
1 3 1.42838e-06
1 4 1.42838e-06
1 5 1.42838e-06
1 6 1.42838e-06
1 7 1.42838e-06
1 8 1.42838e-06
1 9 1.42838e-06
1 : 1.42838e-06
1 ; 1.42838e-06
1 < 1.42838e-06
1 = 1.42838e-06
1 > 1.42838e-06
1 ? 1.42838e-06
1 @ 1.42838e-06
1 A 1.42838e-06
1 B 1.42838e-06
1 C 1.42838e-06
1 D 1.42838e-06
1 E 1.42838e-06
1 F 1.42838e-06
1 G 1.42838e-06
1 H 1.42838e-06
1 I 1.42838e-06
1 J 1.42838e-06
1 K 1.42838e-06
1 L 1.42838e-06
1 M 1.42838e-06
1 N 1.42838e-06
1 O 1.42838e-06
1 P 1.42838e-06
1 Q 1.42838e-06
1 R 1.42838e-06
1 S 1.42838e-06
1 T 1.42838e-06
1 U 1.42838e-06
1 V 1.42838e-06
1 W 1.42838e-06
1 X 1.42838e-06
1 Y 1.42838e-06
1 Z 1.42838e-06
1 [ 1.42838e-06
1 \ 1.42838e-06
1 ] 1.42838e-06
1 ^ 1.42838e-06
1 _ 1.42838e-06
1 ` 1.42838e-06
1 a 0.142839
1 b 0.857029
1 c 1.42838e-06
1 d 1.42838e-06
1 e 1.42838e-06
1 f 1.42838e-06
1 g 1.42838e-06
1 h 1.42838e-06
1 i 1.42838e-06
1 j 1.42838e-06
1 k 1.42838e-06
1 l 1.42838e-06
1 m 1.42838e-06
1 n 1.42838e-06
1 o 1.42838e-06
1 p 1.42838e-06
1 q 1.42838e-06
1 r 1.42838e-06
1 s 1.42838e-06
1 t 1.42838e-06
1 u 1.42838e-06
1 v 1.42838e-06
1 w 1.42838e-06
1 x 1.42838e-06
1 y 1.42838e-06
1 z 1.42838e-06
1 { 1.42838e-06
1 | 1.42838e-06
1 } 1.42838e-06
1 ~ 1.42838e-06
TransPr 4
0 0 0.874999
0 1 0.125001
1 0 0.142858
1 1 0.857142
