2
InitPr 2
0 9.9998e-06
1 0.99999
OutputPr 188
0 ! 3.68359e-07
0 " 3.68359e-07
0 # 3.68359e-07
0 $ 3.68359e-07
0 % 3.68359e-07
0 & 3.68359e-07
0 ' 3.68359e-07
0 ( 3.68359e-07
0 ) 3.68359e-07
0 * 3.68359e-07
0 + 3.68359e-07
0 , 3.68359e-07
0 - 3.68359e-07
0 . 3.68359e-07
0 / 3.68359e-07
0 0 3.68359e-07
0 1 3.68359e-07
0 2 3.68359e-07
0 3 3.68359e-07
0 4 3.68359e-07
0 5 3.68359e-07
0 6 3.68359e-07
0 7 3.68359e-07
0 8 3.68359e-07
0 9 3.68359e-07
0 : 3.68359e-07
0 ; 3.68359e-07
0 < 3.68359e-07
0 = 3.68359e-07
0 > 3.68359e-07
0 ? 3.68359e-07
0 @ 3.68359e-07
0 A 4.61793e-07
0 B 3.68359e-07
0 C 3.69608e-07
0 D 0.0368362
0 E 0.0368362
0 F 3.68359e-07
0 G 3.69715e-07
0 H 0.110508
0 I 0.0368362
0 J 3.68359e-07
0 K 0.147344
0 L 0.0736721
0 M 0.110508
0 N 0.110508
0 O 3.68359e-07
0 P 0.0736718
0 Q 0.0736721
0 R 3.68359e-07
0 S 0.0736721
0 T 0.042299
0 U 3.68359e-07
0 V 3.68359e-07
0 W 0.0368362
0 X 3.68359e-07
0 Y 0.0367709
0 Z 3.68359e-07
0 [ 3.68359e-07
0 \ 3.68359e-07
0 ] 3.68359e-07
0 ^ 3.68359e-07
0 _ 3.68359e-07
0 ` 3.68359e-07
0 a 3.68359e-07
0 b 3.68359e-07
0 c 3.68359e-07
0 d 3.68359e-07
0 e 3.68359e-07
0 f 3.68359e-07
0 g 3.68359e-07
0 h 3.68359e-07
0 i 3.68359e-07
0 j 3.68359e-07
0 k 3.68359e-07
0 l 3.68359e-07
0 m 3.68359e-07
0 n 3.68359e-07
0 o 3.68359e-07
0 p 3.68359e-07
0 q 3.68359e-07
0 r 3.68359e-07
0 s 3.68359e-07
0 t 3.68359e-07
0 u 3.68359e-07
0 v 3.68359e-07
0 w 3.68359e-07
0 x 3.68359e-07
0 y 3.68359e-07
0 z 3.68359e-07
0 { 3.68359e-07
0 | 3.68359e-07
0 } 3.68359e-07
0 ~ 3.68359e-07
1 ! 3.46567e-07
1 " 3.46567e-07
1 # 3.46567e-07
1 $ 3.46567e-07
1 % 3.46567e-07
1 & 3.46567e-07
1 ' 3.46567e-07
1 ( 3.46567e-07
1 ) 3.46567e-07
1 * 3.46567e-07
1 + 3.46567e-07
1 , 3.46567e-07
1 - 3.46567e-07
1 . 3.46567e-07
1 / 3.46567e-07
1 0 3.46567e-07
1 1 3.46567e-07
1 2 3.46567e-07
1 3 3.46567e-07
1 4 3.46567e-07
1 5 3.46567e-07
1 6 3.46567e-07
1 7 3.46567e-07
1 8 3.46567e-07
1 9 3.46567e-07
1 : 3.46567e-07
1 ; 3.46567e-07
1 < 3.46567e-07
1 = 3.46567e-07
1 > 3.46567e-07
1 ? 3.46567e-07
1 @ 3.46567e-07
1 A 0.381224
1 B 3.46567e-07
1 C 0.138627
1 D 3.47541e-07
1 E 3.47541e-07
1 F 3.46567e-07
1 G 0.173284
1 H 3.47541e-07
1 I 3.47541e-07
1 J 3.46567e-07
1 K 4.52748e-07
1 L 3.47541e-07
1 M 3.47541e-07
1 N 3.47541e-07
1 O 3.46567e-07
1 P 5.70045e-07
1 Q 3.47543e-07
1 R 3.46567e-07
1 S 3.57355e-07
1 T 0.306771
1 U 3.46567e-07
1 V 3.46567e-07
1 W 3.48103e-07
1 X 3.46567e-07
1 Y 6.17933e-05
1 Z 3.46567e-07
1 [ 3.46567e-07
1 \ 3.46567e-07
1 ] 3.46567e-07
1 ^ 3.46567e-07
1 _ 3.46567e-07
1 ` 3.46567e-07
1 a 3.46567e-07
1 b 3.46567e-07
1 c 3.46567e-07
1 d 3.46567e-07
1 e 3.46567e-07
1 f 3.46567e-07
1 g 3.46567e-07
1 h 3.46567e-07
1 i 3.46567e-07
1 j 3.46567e-07
1 k 3.46567e-07
1 l 3.46567e-07
1 m 3.46567e-07
1 n 3.46567e-07
1 o 3.46567e-07
1 p 3.46567e-07
1 q 3.46567e-07
1 r 3.46567e-07
1 s 3.46567e-07
1 t 3.46567e-07
1 u 3.46567e-07
1 v 3.46567e-07
1 w 3.46567e-07
1 x 3.46567e-07
1 y 3.46567e-07
1 z 3.46567e-07
1 { 3.46567e-07
1 | 3.46567e-07
1 } 3.46567e-07
1 ~ 3.46567e-07
TransPr 4
0 0 0.960809
0 1 0.0391912
1 0 0.0701723
1 1 0.929828
