2
InitPr 2
0 0.99999
1 1.00054e-05
OutputPr 188
0 ! 1.27272e-06
0 " 1.27272e-06
0 # 1.27272e-06
0 $ 1.27272e-06
0 % 1.27272e-06
0 & 1.27272e-06
0 ' 1.27272e-06
0 ( 1.27272e-06
0 ) 1.27272e-06
0 * 1.27272e-06
0 + 1.27272e-06
0 , 1.27272e-06
0 - 1.27272e-06
0 . 1.27272e-06
0 / 1.27272e-06
0 0 1.27272e-06
0 1 1.27272e-06
0 2 1.27272e-06
0 3 1.27272e-06
0 4 1.27272e-06
0 5 1.27272e-06
0 6 1.27272e-06
0 7 1.27272e-06
0 8 1.27272e-06
0 9 1.27272e-06
0 : 1.27272e-06
0 ; 1.27272e-06
0 < 1.27272e-06
0 = 1.27272e-06
0 > 1.27272e-06
0 ? 1.27272e-06
0 @ 1.27272e-06
0 A 1.27272e-06
0 B 1.27272e-06
0 C 1.27272e-06
0 D 1.27272e-06
0 E 1.27272e-06
0 F 1.27272e-06
0 G 1.27272e-06
0 H 1.27272e-06
0 I 1.27272e-06
0 J 1.27272e-06
0 K 1.27272e-06
0 L 1.27272e-06
0 M 1.27272e-06
0 N 1.27272e-06
0 O 1.27272e-06
0 P 1.27272e-06
0 Q 1.27272e-06
0 R 1.27272e-06
0 S 1.27272e-06
0 T 1.27272e-06
0 U 1.27272e-06
0 V 1.27272e-06
0 W 1.27272e-06
0 X 1.27272e-06
0 Y 1.27272e-06
0 Z 1.27272e-06
0 [ 1.27272e-06
0 \ 1.27272e-06
0 ] 1.27272e-06
0 ^ 1.27272e-06
0 _ 1.27272e-06
0 ` 1.27272e-06
0 a 0.85583
0 b 0.144053
0 c 1.27272e-06
0 d 1.27272e-06
0 e 1.27272e-06
0 f 1.27272e-06
0 g 1.27272e-06
0 h 1.27272e-06
0 i 1.27272e-06
0 j 1.27272e-06
0 k 1.27272e-06
0 l 1.27272e-06
0 m 1.27272e-06
0 n 1.27272e-06
0 o 1.27272e-06
0 p 1.27272e-06
0 q 1.27272e-06
0 r 1.27272e-06
0 s 1.27272e-06
0 t 1.27272e-06
0 u 1.27272e-06
0 v 1.27272e-06
0 w 1.27272e-06
0 x 1.27272e-06
0 y 1.27272e-06
0 z 1.27272e-06
0 { 1.27272e-06
0 | 1.27272e-06
0 } 1.27272e-06
0 ~ 1.27272e-06
1 ! 1.2278e-06
1 " 1.2278e-06
1 # 1.2278e-06
1 $ 1.2278e-06
1 % 1.2278e-06
1 & 1.2278e-06
1 ' 1.2278e-06
1 ( 1.2278e-06
1 ) 1.2278e-06
1 * 1.2278e-06
1 + 1.2278e-06
1 , 1.2278e-06
1 - 1.2278e-06
1 . 1.2278e-06
1 / 1.2278e-06
1 0 1.2278e-06
1 1 1.2278e-06
1 2 1.2278e-06
1 3 1.2278e-06
1 4 1.2278e-06
1 5 1.2278e-06
1 6 1.2278e-06
1 7 1.2278e-06
1 8 1.2278e-06
1 9 1.2278e-06
1 : 1.2278e-06
1 ; 1.2278e-06
1 < 1.2278e-06
1 = 1.2278e-06
1 > 1.2278e-06
1 ? 1.2278e-06
1 @ 1.2278e-06
1 A 1.2278e-06
1 B 1.2278e-06
1 C 1.2278e-06
1 D 1.2278e-06
1 E 1.2278e-06
1 F 1.2278e-06
1 G 1.2278e-06
1 H 1.2278e-06
1 I 1.2278e-06
1 J 1.2278e-06
1 K 1.2278e-06
1 L 1.2278e-06
1 M 1.2278e-06
1 N 1.2278e-06
1 O 1.2278e-06
1 P 1.2278e-06
1 Q 1.2278e-06
1 R 1.2278e-06
1 S 1.2278e-06
1 T 1.2278e-06
1 U 1.2278e-06
1 V 1.2278e-06
1 W 1.2278e-06
1 X 1.2278e-06
1 Y 1.2278e-06
1 Z 1.2278e-06
1 [ 1.2278e-06
1 \ 1.2278e-06
1 ] 1.2278e-06
1 ^ 1.2278e-06
1 _ 1.2278e-06
1 ` 1.2278e-06
1 a 0.156617
1 b 0.843271
1 c 1.2278e-06
1 d 1.2278e-06
1 e 1.2278e-06
1 f 1.2278e-06
1 g 1.2278e-06
1 h 1.2278e-06
1 i 1.2278e-06
1 j 1.2278e-06
1 k 1.2278e-06
1 l 1.2278e-06
1 m 1.2278e-06
1 n 1.2278e-06
1 o 1.2278e-06
1 p 1.2278e-06
1 q 1.2278e-06
1 r 1.2278e-06
1 s 1.2278e-06
1 t 1.2278e-06
1 u 1.2278e-06
1 v 1.2278e-06
1 w 1.2278e-06
1 x 1.2278e-06
1 y 1.2278e-06
1 z 1.2278e-06
1 { 1.2278e-06
1 | 1.2278e-06
1 } 1.2278e-06
1 ~ 1.2278e-06
TransPr 4
0 0 0.872716
0 1 0.127284
1 0 2.46408e-06
1 1 0.999998
